Brasil - São Paulo
20010101
20010125
20010226
20010227
20010413
20010421
20010501
20010614
20010709
20010907
20011012
20011102
20011115
20011120
20011224
20011225
20011231
20020101
20020125
20020211
20020212
20020329
20020421
20020501
20020530
20020709
20020907
20021012
20021102
20021115
20021120
20021224
20021225
20021231
20030101
20030125
20030303
20030304
20030418
20030421
20030501
20030619
20030709
20030907
20031012
20031102
20031115
20031120
20031224
20031225
20031231
20040101
20040125
20040223
20040224
20040409
20040421
20040501
20040610
20040709
20040907
20041012
20041102
20041115
20041120
20041224
20041225
20041231
20050101
20050125
20050207
20050208
20050325
20050421
20050501
20050526
20050709
20050907
20051012
20051102
20051115
20051120
20051224
20051225
20051231
20060101
20060125
20060227
20060228
20060414
20060421
20060501
20060615
20060709
20060907
20061012
20061102
20061115
20061120
20061224
20061225
20061231
20070101
20070125
20070219
20070220
20070406
20070421
20070501
20070607
20070709
20070907
20071012
20071102
20071115
20071120
20071224
20071225
20071231
20080101
20080125
20080204
20080205
20080321
20080421
20080501
20080522
20080709
20080907
20081012
20081102
20081115
20081120
20081224
20081225
20081231
20090101
20090125
20090223
20090224
20090410
20090421
20090501
20090611
20090709
20090907
20091012
20091102
20091115
20091120
20091224
20091225
20091231
20100101
20100125
20100215
20100216
20100402
20100421
20100501
20100603
20100709
20100907
20101012
20101102
20101115
20101120
20101224
20101225
20101231
20110101
20110125
20110307
20110308
20110421
20110422
20110501
20110623
20110709
20110907
20111012
20111102
20111115
20111120
20111224
20111225
20111230
20111231
20120101
20120125
20120220
20120221
20120406
20120421
20120501
20120607
20120709
20120907
20121012
20121102
20121115
20121120
20121224
20121225
20121231
20130101
20130125
20130211
20130212
20130329
20130421
20130501
20130530
20130709
20130907
20131012
20131102
20131115
20131120
20131224
20131225
20131231
20140101
20140125
20140303
20140304
20140418
20140421
20140501
20140612
20140619
20140709
20140907
20141012
20141102
20141115
20141120
20141224
20141225
20141231
20150101
20150125
20150216
20150217
20150403
20150421
20150501
20150604
20150709
20150907
20151012
20151102
20151115
20151120
20151224
20151225
20151231
20160101
20160125
20160208
20160209
20160325
20160421
20160501
20160526
20160709
20160907
20161012
20161102
20161115
20161120
20161224
20161225
20161231
20170101
20170125
20170227
20170228
20170414
20170421
20170501
20170615
20170709
20170907
20171012
20171102
20171115
20171120
20171224
20171225
20171231
20180101
20180125
20180212
20180213
20180330
20180421
20180501
20180531
20180709
20180907
20181012
20181102
20181115
20181120
20181224
20181225
20181231
20190101
20190125
20190304
20190305
20190419
20190421
20190501
20190620
20190709
20190907
20191012
20191102
20191115
20191120
20191224
20191225
20191231
20200101
20200125
20200224
20200225
20200410
20200421
20200501
20200611
20200709
20200907
20201012
20201102
20201115
20201120
20201224
20201225
20201231
20210101
20210125
20210215
20210216
20210402
20210421
20210501
20210603
20210709
20210907
20211012
20211102
20211115
20211120
20211224
20211225
20211231
20220101
20220125
20220228
20220301
20220415
20220421
20220501
20220616
20220709
20220907
20221012
20221102
20221115
20221120
20221224
20221225
20221231
20230101
20230125
20230220
20230221
20230407
20230421
20230501
20230608
20230709
20230907
20231012
20231102
20231115
20231120
20231224
20231225
20231231
20240101
20240125
20240212
20240213
20240329
20240421
20240501
20240530
20240709
20240907
20241012
20241102
20241115
20241120
20241224
20241225
20241231
20250101
20250125
20250303
20250304
20250418
20250421
20250501
20250619
20250709
20250907
20251012
20251102
20251115
20251120
20251224
20251225
20251231
20260101
20260125
20260216
20260217
20260403
20260421
20260501
20260604
20260709
20260907
20261012
20261102
20261115
20261120
20261224
20261225
20261231
20270101
20270125
20270208
20270209
20270326
20270421
20270501
20270527
20270709
20270907
20271012
20271102
20271115
20271120
20271224
20271225
20271231
20280101
20280125
20280228
20280229
20280414
20280421
20280501
20280615
20280709
20280907
20281012
20281102
20281115
20281120
20281224
20281225
20281231
20290101
20290125
20290212
20290213
20290330
20290421
20290501
20290531
20290709
20290907
20291012
20291102
20291115
20291120
20291224
20291225
20291231
20300101
20300125
20300304
20300305
20300419
20300421
20300501
20300620
20300709
20300907
20301012
20301102
20301115
20301120
20301224
20301225
20301231
20310101
20310125
20310224
20310225
20310411
20310421
20310501
20310612
20310709
20310907
20311012
20311102
20311115
20311120
20311224
20311225
20311231
20320101
20320125
20320209
20320210
20320326
20320421
20320527
20320709
20320907
20321012
20321102
20321115
20321120
20321224
20321231
20330125
20330228
20330301
20330415
20330421
20330616
20330709
20330907
20331012
20331102
20331115
20331120
20331224
20331231
20340125
20340220
20340221
20340407
20340421
20340501
20340608
20340709
20340907
20341012
20341102
20341115
20341120
20341224
20341225
20341231
20350101
20350125
20350205
20350206
20350323
20350501
20350524
20350709
20350907
20351012
20351102
20351115
20351120
20351224
20351225
20351231
20360101
20360125
20360225
20360226
20360411
20360421
20360501
20360612
20360709
20361120
20361224
20361225
20361231
20370101
20370125
20370216
20370217
20370403
20370421
20370501
20370604
20370709
20370907
20371012
20371102
20371120
20371224
20371225
20371231
20380101
20380125
20380308
20380309
20380421
20380423
20380624
20380709
20380907
20381012
20381102
20381115
20381120
20381224
20381231
20390125
20390221
20390222
20390408
20390421
20390609
20390709
20390907
20391012
20391102
20391115
20391120
20391224
20391231
20400125
20400213
20400214
20400330
20400501
20400531
20400709
20400907
20401012
20401102
20401115
20401120
20401224
20401225
20401231
20410101
20410125
20410304
20410305
20410419
20410501
20410620
20410709
20411115
20411120
20411224
20411225
20411231
20420101
20420125
20420217
20420218
20420404
20420421
20420501
20420605
20420709
20421120
20421224
20421225
20421231
20430101
20430125
20430209
20430210
20430327
20430421
20430501
20430528
20430709
20430907
20431012
20431102
20431120
20431224
20431225
20431231
20440101
20440125
20440229
20440301
20440415
20440421
20440616
20440709
20440907
20441012
20441102
20441115
20441120
20441224
20441231
20450125
20450220
20450221
20450407
20450421
20450501
20450608
20450709
20450907
20451012
20451102
20451115
20451120
20451224
20451225
20451231
20460101
20460125
20460205
20460206
20460323
20460501
20460524
20460709
20460907
20461012
20461102
20461115
20461120
20461224
20461225
20461231
20470101
20470125
20470225
20470226
20470412
20470501
20470613
20470709
20471115
20471120
20471224
20471225
20471231
20480101
20480125
20480217
20480218
20480403
20480421
20480501
20480604
20480709
20480907
20481012
20481102
20481120
20481224
20481225
20481231
20490101
20490125
20490301
20490302
20490416
20490421
20490617
20490709
20490907
20491012
20491102
20491115
20491120
20491224
20491231
20500125
20500221
20500222
20500408
20500421
20500609
20500709
20500907
20501012
20501102
20501115
20501120
20501224
20501231
20510125
20510213
20510214
20510331
20510421
20510501
20510601
20510709
20510907
20511012
20511102
20511115
20511120
20511224
20511225
20511231
20520101
20520125
20520304
20520305
20520419
20520501
20520620
20520709
20521115
20521120
20521224
20521225
20521231
20530101
20530125
20530217
20530218
20530404
20530421
20530501
20530605
20530709
20531120
20531224
20531225
20531231
20540101
20540125
20540209
20540210
20540327
20540421
20540501
20540528
20540709
20540907
20541012
20541102
20541120
20541224
20541225
20541231
20550101
20550125
20550301
20550302
20550416
20550421
20550617
20550709
20550907
20551012
20551102
20551115
20551120
20551224
20551231
20560125
20560214
20560215
20560331
20560421
20560501
20560601
20560709
20560907
20561012
20561102
20561115
20561120
20561224
20561225
20561231
20570101
20570125
20570305
20570306
20570420
20570501
20570621
20570709
20570907
20571012
20571102
20571115
20571120
20571224
20571225
20571231
20580101
20580125
20580225
20580226
20580412
20580501
20580613
20580709
20581115
20581120
20581224
20581225
20581231
20590101
20590125
20590210
20590211
20590328
20590421
20590501
20590529
20590709
20591120
20591224
20591225
20591231
20600101
20600125
20600301
20600302
20600416
20600421
20600617
20600709
20600907
20601012
20601102
20601115
20601120
20601224
20601231
20610125
20610221
20610222
20610408
20610421
20610609
20610709
20610907
20611012
20611102
20611115
20611120
20611224
20611231
20620125
20620206
20620207
20620324
20620421
20620501
20620525
20620709
20620907
20621012
20621102
20621115
20621120
20621224
20621225
20621231
20630101
20630125
20630226
20630227
20630413
20630501
20630614
20630709
20630907
20631012
20631102
20631115
20631120
20631224
20631225
20631231
20640101
20640125
20640218
20640219
20640404
20640421
20640501
20640605
20640709
20641120
20641224
20641225
20641231
20650101
20650125
20650209
20650210
20650327
20650421
20650501
20650528
20650709
20650907
20651012
20651102
20651120
20651224
20651225
20651231
20660101
20660125
20660222
20660223
20660409
20660421
20660610
20660709
20660907
20661012
20661102
20661115
20661120
20661224
20661231
20670125
20670214
20670215
20670401
20670421
20670602
20670709
20670907
20671012
20671102
20671115
20671120
20671224
20671231
20680125
20680305
20680306
20680420
20680501
20680621
20680709
20680907
20681012
20681102
20681115
20681120
20681224
20681225
20681231
20690101
20690125
20690225
20690226
20690412
20690501
20690613
20690709
20691115
20691120
20691224
20691225
20691231
20700101
20700125
20700210
20700211
20700328
20700421
20700501
20700529
20700709
20701120
20701224
20701225
20701231
20710101
20710125
20710302
20710303
20710417
20710421
20710501
20710618
20710709
20710907
20711012
20711102
20711120
20711224
20711225
20711231
20720101
20720125
20720222
20720223
20720408
20720421
20720609
20720709
20720907
20721012
20721102
20721115
20721120
20721224
20721231
20730125
20730206
20730207
20730324
20730421
20730501
20730525
20730709
20730907
20731012
20731102
20731115
20731120
20731224
20731225
20731231
20740101
20740125
20740226
20740227
20740413
20740501
20740614
20740709
20740907
20741012
20741102
20741115
20741120
20741224
20741225
20741231
20750101
20750125
20750218
20750219
20750405
20750501
20750606
20750709
20751115
20751120
20751224
20751225
20751231
20760101
20760125
20760302
20760303
20760417
20760421
20760501
20760618
20760709
20760907
20761012
20761102
20761120
20761224
20761225
20761231
20770101
20770125
20770222
20770223
20770409
20770421
20770610
20770709
20770907
20771012
20771102
20771115
20771120
20771224
20771231
20780125
20780214
20780215
20780401
20780421
20780602
20780709
20780907
20781012
20781102
20781115
20781120
20781224
20781231
20790101
