Estados Unidos - Nova Iorque
19991231
20000117
20000221
20000421
20000529
20000704
20000904
20001123
20001225
20010101
20010115
20010219
20010413
20010528
20010704
20010903
20011122
20011225
20020101
20020121
20020218
20020329
20020527
20020704
20020902
20021128
20021225
20030101
20030120
20030217
20030418
20030526
20030704
20030901
20031127
20031225
20040101
20040119
20040216
20040409
20040531
20040705
20040906
20041125
20041224
20041231
20050117
20050221
20050325
20050530
20050704
20050905
20051124
20051226
20060102
20060116
20060220
20060414
20060529
20060704
20060904
20061123
20061225
20070101
20070115
20070219
20070406
20070528
20070704
20070903
20071122
20071225
20080101
20080121
20080218
20080321
20080526
20080704
20080901
20081127
20081225
20090101
20090119
20090216
20090410
20090525
20090703
20090907
20091126
20091225
20100101
20100118
20100215
20100402
20100531
20100705
20100906
20101125
20101224
20101231
20110117
20110221
20110422
20110530
20110704
20110905
20111124
20111226
20120102
20120116
20120220
20120406
20120528
20120704
20120903
20121122
20121225
20130101
20130121
20130218
20130329
20130527
20130704
20130902
20131128
20131225
20140101
20140120
20140217
20140418
20140526
20140704
20140901
20141127
20141225
20150101
20150119
20150216
20150403
20150525
20150703
20150907
20151126
20151225
20160101
20160118
20160215
20160325
20160530
20160704
20160905
20161124
20161226
20170102
20170116
20170220
20170414
20170529
20170704
20170904
20171123
20171225
20180101
20180115
20180219
20180330
20180528
20180704
20180903
20181122
20181225
20190101
20190121
20190218
20190419
20190527
20190704
20190902
20191128
20191225
20200101
20200120
20200217
20200410
20200525
20200703
20200907
20201126
20201225
20210101
20210118
20210215
20210402
20210531
20210705
20210906
20211125
20211224
20211231
20220117
20220221
20220415
20220530
20220704
20220905
20221124
20221226
20230102
20230116
20230220
20230407
20230529
20230704
20230904
20231123
20231225
20240101
20240115
20240219
20240329
20240527
20240704
20240902
20241128
20241225
20250101
20250120
20250217
20250418
20250526
20250704
20250901
20251127
20251225
20260101
20260119
20260216
20260403
20260525
20260703
20260907
20261126
20261225
20270101
20270118
20270215
20270326
20270531
20270705
20270906
20271125
20271224
20271231
20280117
20280221
20280414
20280529
20280704
20280904
20281123
20281225
20290101
20290115
20290219
20290330
20290528
20290704
20290903
20291122
20291225
20300101
20300121
20300218
20300419
20300527
20300704
20300902
20301128
20301225
20310101
20310120
20310217
20310411
20310526
20310704
20310901
20311127
20311225
20320101
20320119
20320216
20320326
20320531
20320705
20320906
20321125
20321224
20321231
20330117
20330221
20330415
20330530
20330704
20330905
20331124
20331226
20340102
20340116
20340220
20340407
20340529
20340704
20340904
20341123
20341225
20350101
20350115
20350219
20350323
20350528
20350704
20350903
20351122
20351225
20360101
20360121
20360218
20360411
20360526
20360704
20360901
20361127
20361225
20370101
20370119
20370216
20370403
20370525
20370703
20370907
20371126
20371225
20380101
20380118
20380215
20380423
20380531
20380705
20380906
20381125
20381224
20381231
20390117
20390221
20390408
20390530
20390704
20390905
20391124
20391226
20400102
20400116
20400220
20400330
20400528
20400704
20400903
20401122
20401225
20410101
20410121
20410218
20410419
20410527
20410704
20410902
20411128
20411225
20420101
20420120
20420217
20420404
20420526
20420704
20420901
20421127
20421225
20430101
20430119
20430216
20430327
20430525
20430703
20430907
20431126
20431225
20440101
20440118
20440215
20440415
20440530
20440704
20440905
20441124
20441226
20450102
20450116
20450220
20450407
20450529
20450704
20450904
20451123
20451225
20460101
20460115
20460219
20460323
20460528
20460704
20460903
20461122
20461225
20470101
20470121
20470218
20470412
20470527
20470704
20470902
20471128
20471225
20480101
20480120
20480217
20480403
20480525
20480703
20480907
20481126
20481225
20490101
20490118
20490215
20490416
20490531
20490705
20490906
20491125
20491224
20491231
20500117
20500221
20500408
20500530
20500704
20500905
20501124
20501226
20510102
20510116
20510220
20510331
20510529
20510704
20510904
20511123
20511225
20520101
20520115
20520219
20520419
20520527
20520704
20520902
20521128
20521225
20530101
20530120
20530217
20530404
20530526
20530704
20530901
20531127
20531225
20540101
20540119
20540216
20540327
20540525
20540703
20540907
20541126
20541225
20550101
20550118
20550215
20550416
20550531
20550705
20550906
20551125
20551224
20551231
20560117
20560221
20560331
20560529
20560704
20560904
20561123
20561225
20570101
20570115
20570219
20570420
20570528
20570704
20570903
20571122
20571225
20580101
20580121
20580218
20580412
20580527
20580704
20580902
20581128
20581225
20590101
20590120
20590217
20590328
20590526
20590704
20590901
20591127
20591225
20600101
20600119
20600216
20600416
20600531
20600705
20600906
20601125
20601224
20601231
20610117
20610221
20610408
20610530
20610704
20610905
20611124
20611226
20620102
20620116
20620220
20620324
20620529
20620704
20620904
20621123
20621225
20630101
20630115
20630219
20630413
20630528
20630704
20630903
20631122
20631225
20640101
20640121
20640218
20640404
20640526
20640704
20640901
20641127
20641225
20650101
20650119
20650216
20650327
20650525
20650703
20650907
20651126
20651225
20660101
20660118
20660215
20660409
20660531
20660705
20660906
20661125
20661224
20661231
20670117
20670221
20670401
20670530
20670704
20670905
20671124
20671226
20680102
20680116
20680220
20680420
20680528
20680704
20680903
20681122
20681225
20690101
20690121
20690218
20690412
20690527
20690704
20690902
20691128
20691225
20700101
20700120
20700217
20700328
20700526
20700704
20700901
20701127
20701225
