Inglaterra - Londres
20000103
20000421
20000424
20000501
20000529
20000828
20001225
20001226
20010101
20010413
20010416
20010507
20010528
20010827
20011225
20011226
20020101
20020329
20020401
20020506
20020527
20020826
20021225
20021226
20030101
20030418
20030421
20030505
20030526
20030825
20031225
20031226
20040101
20040409
20040412
20040503
20040531
20040830
20041227
20041228
20050103
20050325
20050328
20050502
20050530
20050829
20051226
20051227
20060102
20060414
20060417
20060501
20060529
20060828
20061225
20061226
20070101
20070406
20070409
20070507
20070528
20070827
20071225
20071226
20080101
20080321
20080324
20080505
20080526
20080825
20081225
20081226
20090101
20090410
20090413
20090504
20090525
20090831
20091225
20091228
20100101
20100402
20100405
20100503
20100531
20100830
20101227
20101228
20110103
20110422
20110425
20110502
20110530
20110829
20111226
20111227
20120102
20120406
20120409
20120507
20120528
20120827
20121225
20121226
20130101
20130329
20130401
20130506
20130527
20130826
20131225
20131226
20140101
20140418
20140421
20140505
20140526
20140825
20141225
20141226
20150101
20150403
20150406
20150504
20150525
20150831
20151225
20151228
20160101
20160325
20160328
20160502
20160530
20160829
20161226
20161227
20170102
20170414
20170417
20170501
20170529
20170828
20171225
20171226
20180101
20180330
20180402
20180507
20180528
20180827
20181225
20181226
20190101
20190419
20190422
20190506
20190527
20190826
20191225
20191226
20200101
20200410
20200413
20200504
20200525
20200831
20201225
20201228
20210101
20210402
20210405
20210503
20210531
20210830
20211227
20211228
20220103
20220415
20220418
20220502
20220530
20220829
20221226
20221227
20230102
20230407
20230410
20230501
20230529
20230828
20231225
20231226
20240101
20240329
20240401
20240506
20240527
20240826
20241225
20241226
20250101
20250418
20250421
20250505
20250526
20250825
20251225
20251226
20260101
20260403
20260406
20260504
20260525
20260831
20261225
20261228
20270101
20270326
20270329
20270503
20270531
20270830
20271227
20271228
20280103
20280414
20280417
20280501
20280529
20280828
20281225
20281226
20290101
20290330
20290402
20290507
20290528
20290827
20291225
20291226
20300101
20300419
20300422
20300506
20300527
20300826
20301225
20301226
20310101
20310411
20310414
20310505
20310526
20310825
20311225
20311226
20320101
20320326
20320329
20320503
20320531
20320830
20321227
20321228
20330103
20330415
20330418
20330502
20330530
20330829
20331226
20331227
20340102
20340407
20340410
20340501
20340529
20340828
20341225
20341226
20350101
20350323
20350326
20350507
20350528
20350827
20351225
20351226
20360101
20360411
20360414
20360505
20360526
20360825
20361225
20361226
20370101
20370403
20370406
20370504
20370525
20370831
20371225
20371228
20380101
20380423
20380426
20380503
20380531
20380830
20381227
20381228
20390103
20390408
20390411
20390502
20390530
20390829
20391226
20391227
20400102
20400330
20400402
20400507
20400528
20400827
20401225
20401226
20410101
20410419
20410422
20410506
20410527
20410826
20411225
20411226
20420101
20420404
20420407
20420505
20420526
20420825
20421225
20421226
20430101
20430327
20430330
20430504
20430525
20430831
20431225
20431228
20440101
20440415
20440418
20440502
20440530
20440829
20441226
20441227
20450102
20450407
20450410
20450501
20450529
20450828
20451225
20451226
20460101
20460323
20460326
20460507
20460528
20460827
20461225
20461226
20470101
20470412
20470415
20470506
20470527
20470826
20471225
20471226
20480101
20480403
20480406
20480504
20480525
20480831
20481225
20481228
20490101
20490416
20490419
20490503
20490531
20490830
20491227
20491228
20500103
20500408
20500411
20500502
20500530
20500829
20501226
20501227
20510102
20510331
20510403
20510501
20510529
20510828
20511225
20511226
20520101
20520419
20520422
20520506
20520527
20520826
20521225
20521226
20530101
20530404
20530407
20530505
20530526
20530825
20531225
20531226
20540101
20540327
20540330
20540504
20540525
20540831
20541225
20541228
20550101
20550416
20550419
20550503
20550531
20550830
20551227
20551228
20560103
20560331
20560403
20560501
20560529
20560828
20561225
20561226
20570101
20570420
20570423
20570507
20570528
20570827
20571225
20571226
20580101
20580412
20580415
20580506
20580527
20580826
20581225
20581226
20590101
20590328
20590331
20590505
20590526
20590825
20591225
20591226
20600101
20600416
20600419
20600503
20600531
20600830
20601227
20601228
20610103
20610408
20610411
20610502
20610530
20610829
20611226
20611227
20620102
20620324
20620327
20620501
20620529
20620828
20621225
20621226
20630101
20630413
20630416
20630507
20630528
20630827
20631225
20631226
20640101
20640404
20640407
20640505
20640526
20640825
20641225
20641226
20650101
20650327
20650330
20650504
20650525
20650831
20651225
20651228
20660101
20660409
20660412
20660503
20660531
20660830
20661227
20661228
20670103
20670401
20670404
20670502
20670530
20670829
20671226
20671227
20680102
20680420
20680423
20680507
20680528
20680827
20681225
20681226
20690101
20690412
20690415
20690506
20690527
20690826
20691225
20691226
20700101
20700328
20700331
20700505
20700526
20700825
